normal die:
[(2.9, 1), (3.02, 1), (3.06, 1), (3.08, 2), (3.09, 1), (3.1, 1), (3.11, 1), (3.13, 1), (3.16, 2), (3.17, 2), (3.18, 3), (3.19, 3), (3.21, 5), (3.22, 2), (3.23, 5), (3.24, 3), (3.25, 3), (3.26, 4), (3.27, 3), (3.28, 2), (3.29, 4), (3.3, 7), (3.31, 9), (3.32, 9), (3.33, 5), (3.34, 17), (3.35, 10), (3.36, 5), (3.37, 10), (3.38, 11), (3.39, 11), (3.4, 7), (3.41, 10), (3.42, 9), (3.43, 7), (3.44, 11), (3.45, 15), (3.46, 15), (3.47, 12), (3.48, 12), (3.49, 10), (3.5, 11), (3.51, 10), (3.52, 9), (3.53, 9), (3.54, 12), (3.55, 9), (3.56, 15), (3.57, 11), (3.58, 10), (3.59, 7), (3.6, 10), (3.61, 9), (3.62, 13), (3.63, 5), (3.64, 8), (3.65, 6), (3.66, 6), (3.67, 12), (3.68, 9), (3.69, 8), (3.7, 4), (3.71, 4), (3.72, 4), (3.73, 4), (3.74, 3), (3.75, 4), (3.76, 1), (3.77, 4), (3.78, 2), (3.79, 1), (3.8, 4), (3.81, 3), (3.82, 2), (3.83, 2), (3.84, 3), (3.85, 3), (3.87, 1), (3.89, 1), (3.92, 2), (3.94, 2), (3.95, 1), (3.96, 1), (3.97, 1), (3.99, 2)]


weighted:
[(3.89, 1), (3.9, 1), (3.91, 2), (3.95, 2), (3.98, 1), (3.99, 1), (4.0, 2), (4.02, 1), (4.03, 1), (4.05, 4), (4.06, 2), (4.07, 3), (4.08, 3), (4.09, 2), (4.1, 3), (4.11, 4), (4.12, 2), (4.13, 4), (4.14, 8), (4.15, 5), (4.16, 2), (4.17, 13), (4.18, 10), (4.19, 10), (4.2, 10), (4.21, 10), (4.22, 9), (4.23, 10), (4.24, 14), (4.25, 15), (4.26, 15), (4.27, 9), (4.28, 10), (4.29, 10), (4.3, 11), (4.31, 4), (4.32, 18), (4.33, 13), (4.34, 12), (4.35, 17), (4.36, 13), (4.37, 14), (4.38, 13), (4.39, 20), (4.4, 13), (4.41, 10), (4.42, 10), (4.43, 10), (4.44, 8), (4.45, 6), (4.46, 12), (4.47, 10), (4.48, 10), (4.49, 7), (4.5, 6), (4.51, 7), (4.52, 4), (4.53, 6), (4.54, 4), (4.55, 2), (4.56, 4), (4.57, 7), (4.58, 5), (4.59, 4), (4.6, 4), (4.61, 5), (4.62, 2), (4.63, 3), (4.64, 1), (4.65, 1), (4.66, 3), (4.73, 2)]

random(weighted and inverted):
[(3.04, 1), (3.09, 1), (3.1, 1), (3.12, 1), (3.13, 1), (3.16, 2), (3.17, 1), (3.18, 1), (3.19, 3), (3.2, 3), (3.21, 2), (3.22, 4), (3.23, 2), (3.24, 4), (3.25, 3), (3.26, 6), (3.27, 7), (3.28, 5), (3.29, 6), (3.3, 4), (3.31, 4), (3.32, 6), (3.33, 10), (3.34, 5), (3.35, 8), (3.36, 4), (3.37, 4), (3.38, 11), (3.39, 16), (3.4, 9), (3.41, 13), (3.42, 7), (3.43, 12), (3.44, 12), (3.45, 13), (3.46, 17), (3.47, 17), (3.48, 9), (3.49, 12), (3.5, 13), (3.51, 13), (3.52, 11), (3.53, 10), (3.54, 16), (3.55, 16), (3.56, 16), (3.57, 10), (3.58, 10), (3.59, 15), (3.6, 5), (3.61, 10), (3.62, 1), (3.63, 8), (3.64, 7), (3.65, 7), (3.66, 7), (3.67, 8), (3.68, 9), (3.69, 7), (3.7, 5), (3.71, 3), (3.72, 7), (3.73, 3), (3.74, 2), (3.75, 1), (3.76, 2), (3.77, 5), (3.78, 2), (3.79, 3), (3.8, 2), (3.81, 5), (3.82, 2), (3.83, 1), (3.84, 1), (3.85, 2), (3.87, 1), (3.89, 2), (3.91, 1), (3.94, 1), (3.95, 1), (4.02, 1), (4.07, 1)]


